1.852197885126450130e-02
1.507178680807874996e-02
-3.989415940315278741e-02
1.279945667317731843e-02
1.494275542765680087e-02
-1.480179039280230154e-02
3.718584875258466871e-03
-2.573690249935803656e-02
2.362004336106768645e-02
1.330075890793127810e-02
1.981888355275556249e-02
3.204444414503643951e-02
-4.504452277998604107e-03
-3.263759407702662707e-02
-6.132841281350724649e-02
1.105220026699531982e-02
-7.170197957856241922e-03
1.788894300856909425e-02
2.544400073378249097e-02
-2.934379707641515678e-02
-8.263160127095438637e-03
5.366447911502860574e-02
-2.573096565412455461e-02
3.762454180588219177e-02
4.956730038015300446e-03
-2.164703111651126305e-03
9.728545044467542396e-03
-5.559881656974071523e-03
2.888722143520941477e-04
1.989530413960577393e-02
9.888668590651279386e-03
-9.698765728490162108e-05
-8.446262418557209245e-03
6.376764590336723992e-04
-1.255259235081005245e-02
-1.438415084531377910e-02
6.749245979235625817e-03
3.350804895101441166e-02
9.390893974814473050e-03
-2.690243957945624015e-02
-1.077866048454831707e-02
2.433606414701655618e-02
-2.079587979385605703e-02
-4.969886953932980966e-02
2.389363770134063369e-02
-8.978314989240423344e-03
8.372576614057146774e-03
-4.166482090851070935e-02
-4.318190690012727734e-02
-4.790879758559773993e-02
7.724542984822771116e-03
1.639023177860286090e-02
8.003451549988702118e-03
-4.763354709379909874e-03
2.527897618972402977e-02
-1.378720729878601947e-03
-1.223336991526062859e-03
2.370662134645230845e-02
2.033320810612188750e-02
-3.309303005645707410e-03
-2.835843838601760647e-02
-1.659549449053369929e-02
-5.524214314997057465e-03
-3.889929941937632363e-02
7.475162089981502757e-03
1.550661108531367800e-02
-1.281062920250675835e-02
-3.115227312561830164e-02
-3.591048445254051841e-02
1.977143141963797618e-02
2.013217194649788433e-02
3.879077097387927109e-02
1.707650900595272456e-02
-4.933526585539770026e-03
-7.476536310123418905e-03
3.865667362435459831e-02
1.603186287553104439e-02
1.312028528264342145e-02
4.836512778151853820e-02
-1.749900198223010295e-02
-1.638287779686935230e-03
-4.139702640802093297e-02
3.465844671928819051e-03
4.491344414235714372e-02
3.758617892013288442e-03
-2.168848851129800449e-03
7.618285447172877534e-03
-1.725025975275566725e-02
-3.465084419019683060e-02
3.352312585659045219e-02
-6.971448646459082327e-03
3.167905480999744228e-02
-2.004772556532693345e-03
-1.009795949828663428e-02
-3.221912771732039077e-02
1.758116681639422529e-04
-1.593334452691528430e-03
-3.138089139886560130e-02
-8.782966223731158290e-03
2.047268492545856883e-02
-3.045658473399884617e-02
-1.097136884925676951e-02
-1.496158207587917205e-02
-2.528610462039559276e-02
4.743494438397445959e-03
6.142145558182049089e-03
2.208111223161906070e-02
-1.030924427063814250e-02
-1.542157248901958322e-02
-8.960965880599781885e-03
-7.870141176137183600e-03
-3.670877152500006541e-02
1.001571142735175300e-02
-1.555868246646839419e-02
-2.237120607843774006e-03
-1.077872649381556545e-02
3.794386781110518220e-02
-1.126701114958347967e-02
-5.662631058491622571e-03
9.290067216025685998e-03
-8.969111172505360788e-03
1.948534202441978141e-02
-7.370108064907773815e-03
9.791221489645989678e-03
4.661408818987029107e-02
-6.391388752029374121e-03
1.514721109530214188e-02
3.508641721752903120e-02
-1.069209830157383939e-02
3.760844332430419990e-02
1.031567991075866414e-02
-8.337241003306065934e-03
1.611710115528711129e-02
8.637597845726988771e-03
-1.278856580418879021e-02
5.869363944626953752e-03
-4.549850470053071194e-02
4.412505653011313672e-02
1.102390155330415511e-02
7.765763308537822207e-03
5.384658724523049694e-03
-2.108088685364779835e-02
-3.135409015410851874e-03
1.713051864925717316e-02
-5.123258443174381199e-04
4.077986779113410704e-02
2.773960581608635179e-02
3.916488945909417374e-02
-7.911182083046962299e-02
3.022651467551681556e-02
1.303061603895844245e-03
-1.297792692736412547e-02
-5.217911673445256582e-03
2.201005342122107356e-03
-2.704199015636987030e-02
-7.149708361224495039e-03
2.866993336995770497e-02
2.731169782836207968e-02
1.399092965613504824e-02
1.055067449277778679e-02
-5.377593726118086448e-02
-3.114657875730925118e-03
-5.914337646973549800e-03
-1.108263233739157846e-02
-1.912953244703646111e-02
-6.055162797202254948e-03
1.103939512833830919e-02
-2.942076681282943668e-02
6.357605783901064400e-03
1.666434425060620006e-03
-2.085387768348957727e-02
1.353111357362078888e-02
2.372011179585695878e-02
-6.557633787296072991e-02
1.223554055453587863e-02
8.720178608667458753e-03
-1.818108376481365751e-03
2.176787001310440117e-02
1.324871779672631353e-02
1.132831268923123816e-02
-1.620219491703723050e-02
1.631896242237123457e-02
1.317433247779345971e-02
-2.417845272205219539e-02
-7.248102536681868407e-03
-2.578738744663626459e-02
1.655430478918035186e-02
-1.082156998017601290e-02
2.687265322229537637e-02
-8.457195299071112310e-03
1.951875477052130922e-03
2.178396251216392979e-02
4.950621027056350404e-02
-3.271332881348551491e-03
-1.862195587438657263e-03
5.605139250686200225e-02
-1.594778577945421549e-02
1.768581757738965643e-02
-2.231014334323363005e-02
2.224515699586871245e-02
-4.331046398804156566e-02
-2.841069131430540989e-02
2.934601210306719485e-02
1.887326961941510756e-02
-2.804335353594864313e-02
-6.421890213011814327e-03
-8.336313712054963312e-03
1.029572776576283960e-02
-1.659553555014162476e-02
5.874853231829657227e-03
3.730350114749869661e-03
-1.170622988447856880e-02
3.210954663338649179e-02
1.366024484326310712e-02
1.761042026403257868e-02
3.666424932009931109e-02
-3.687244073005663259e-03
2.011949179666876197e-02
1.065370183389407685e-02
1.523300017147881380e-02
-5.855807726560167265e-02
-3.880772034376867019e-02
-6.735681539609637662e-03
7.329873224276143434e-03
3.927200680835320028e-03
4.612219474863223263e-03
-6.406979670861112641e-02
-7.269596452228558117e-03
-9.140677566428532380e-03
2.427850652234725057e-02
7.434502116834528981e-03
1.081485258795738744e-02
6.020182119073838600e-02
-2.227618508904485525e-02
1.453327426261354430e-02
1.550564632210576534e-02
2.598232432284880780e-02
-9.234917557168553087e-03
-2.986951516553765923e-02
1.539228079823338514e-02
-2.413762181810491861e-02
3.343942339669597058e-02
-1.128873237776729585e-02
4.356805366129484769e-02
2.024466321836563068e-02
-3.704723813981865982e-02
3.930938090040343030e-02
5.875492787245993609e-03
1.158480521874426239e-02
-1.329140575081810827e-02
-1.430101328539898006e-02
2.740955580406983366e-02
-1.045575799974671552e-02
-5.048970512902029723e-02
6.396838615428793173e-02
2.769560843921367588e-03
1.337807757806642149e-02
-1.498161513215236218e-02
2.725444442603369016e-02
1.978586379847041901e-03
7.026923227610898035e-03
1.178395883549842107e-02
-4.087573453400916365e-03
2.340423331572067181e-02
7.325511054928519894e-03
1.367270862444130465e-02
2.353364038754603843e-02
-3.854129555012442143e-02
-4.639391337772502330e-03
5.328038524917779600e-02
4.505346178479330190e-04
1.321944737655842035e-02
4.393644562419806408e-03
3.477389659865353505e-02
1.388999626987491923e-02
1.576664157761203597e-02
-2.141004659303875554e-03
6.102377115364815766e-03
2.460151600863482238e-02
3.272388967225781792e-02
1.449525502996523024e-02
3.064107802372777536e-02
2.176938274640688453e-02
1.817300407659712749e-02
3.268209230522880343e-02
4.647739168276980581e-03
-1.869623180902782802e-02
-1.536481300653926539e-02
-2.862315445779746101e-02
7.583752447743483810e-03
1.816348306355302505e-02
1.505679322653451918e-03
-4.133952252237620140e-02
2.524822110359302083e-02
3.188475466550911436e-02
4.619339964250006314e-03
-4.163848417608365104e-02
1.932735979934137663e-02
-1.360005913086113211e-02
-5.356750086291267587e-02
-6.603847523266875505e-03
-3.530955164800036322e-02
-3.515413105932584104e-02
7.388342761102596745e-03
-8.198473101834874432e-02
4.600113920595720607e-04
3.480405770500040463e-02
6.215980427805212552e-03
6.531132116846152802e-03
9.618002374562143950e-03
1.609625644646169723e-02
5.016970102152913669e-02
-3.620152126786301688e-02
3.084903753245702568e-02
-1.329575605268359245e-03
2.683969823937085164e-02
1.279389910145037682e-02
-1.803803433706931136e-03
9.657564046298916516e-03
2.165633190681726800e-02
2.813319898599948854e-02
-9.290524995497411592e-03
-3.013655481194986267e-03
1.113799787588395929e-02
-1.887214648289572971e-02
2.337265868502647406e-02
6.667329620238962237e-03
4.581221313298478211e-03
1.656265747655210133e-02
4.090054029204676089e-02
4.430857651755461257e-02
9.268990225930671262e-03
6.705050872827002240e-03
-4.279644050723872134e-03
7.005791463699596010e-03
-9.931893449256178064e-04
-2.669875067831916152e-02
5.696308097255861971e-03
2.137220338459864394e-02
-1.591143245446965254e-02
-6.946090424494930776e-03
-1.597315264042289962e-02
5.990307630376254938e-03
-3.704243653313621376e-02
4.232864619922374963e-03
-6.363759106913881476e-03
-2.131163339446274368e-02
2.053500536695588435e-02
-1.166598869221871851e-02
1.300645464511833785e-02
2.268533973016041705e-02
1.007802879591386536e-02
-1.264588546523289642e-02
-1.849239607305361299e-02
2.806716982744612149e-02
6.915236357831772845e-03
3.165539613937903840e-02
2.744845313583671800e-02
8.283463079463083273e-03
7.803359544685075852e-03
2.513881262023652530e-02
9.688001841396402108e-03
-1.535680479123486576e-02
-1.260645758463397898e-03
-1.519889089220537171e-03
2.671843347531365626e-02
-8.795077997326188751e-03
4.461442473637948491e-02
-7.739378439583702654e-03
2.823008652477909317e-02
2.549725732690197311e-02
4.452797337820148943e-02
5.359038223958222102e-02
2.612771497363852724e-02
-1.432522305355914127e-02
2.184070773687073197e-02
2.217839899955599547e-02
9.578680686759407162e-03
5.135808100752799719e-03
-8.002603782549872619e-03
2.596951654146962066e-02
1.256593593490456379e-02
2.692907355025001698e-02
2.882008715673567770e-02
-1.734598715824991338e-02
-4.677232788397173852e-03
-1.148719889332970243e-02
7.286128572278194673e-03
3.578334656666162794e-02
-1.360475670989218233e-02
2.233838496751515759e-02
3.727857733329412865e-02
-1.168295794061210979e-02
-1.355469516553453602e-02
2.523353447722955639e-02
2.754121589963144309e-02
9.309479876738902676e-03
3.228316035598306766e-02
1.589005942957685130e-03
1.830542561995548642e-02
-4.522813312500918032e-02
2.483567474679319875e-02
6.526780304482186681e-04
-3.224960465104174945e-02
-3.071341065058012798e-02
1.941223048119392058e-02
2.637135462860061563e-02
1.878519721124783520e-03
-1.123858796766344890e-02
3.316135063125580373e-02
2.632050782865572383e-02
-1.533565369495713294e-02
-1.261176376652978909e-03
-1.686224796654696694e-03
2.553848150835404812e-02
1.451442954060250604e-02
1.378718090886694829e-02
-3.725779419937486764e-02
2.280848787120608959e-03
2.206668896886801109e-03
4.348900048676232477e-03
2.636269335211431641e-02
6.860318251723970459e-03
-3.065544330878782614e-03
1.863371249222737667e-03
8.053086275900503063e-03
1.164968838396149634e-02
-4.148258222969339326e-03
-1.176150092890919548e-02
-9.587551732853265632e-03
-2.102111519192104497e-03
-2.941490098232700523e-02
-1.204558348445559229e-02
2.902594229178219812e-02
-3.048616249430889658e-02
2.199405271365811963e-03
-1.639759128043440789e-02
4.758729525802400662e-02
5.332281506229379076e-04
4.318154596439885418e-02
4.469121293736993440e-03
5.610613720719590317e-03
2.207684400696534321e-02
1.375053539917781530e-02
-7.076169736074079675e-02
-4.180296036463845150e-02
-1.796893550540528892e-03
-1.913507973617675079e-02
2.611875044592236461e-02
4.501777122958161570e-02
3.138713330799937362e-03
-5.657286771699073652e-03
-4.455132692849414489e-02
-3.312430199608546594e-02
1.074180421612477669e-02
-5.994224763511941945e-02
-2.046208017854662942e-03
2.232885441480061961e-02
4.552954838145662625e-02
-1.623506046576952272e-02
-1.449782305447836449e-02
-3.371639990113090013e-02
-3.161250581481191146e-02
1.686797677024216152e-02
4.729024518368192542e-02
-4.947740710090853949e-02
5.023110650643031194e-02
1.459622961358680339e-02
4.243032399719930126e-02
1.443013757857534995e-02
9.149132508359445609e-03
4.087196335166981553e-02
-1.652782612800316603e-02
1.865593449054496478e-02
5.416819753786560748e-03
-1.920601060428023255e-02
2.997695400946930738e-02
-5.063301620687157834e-02
7.388437339558594219e-02
-6.914798943893810113e-03
-8.932457003583159361e-03
7.340367817844277096e-03
-6.850537614506448103e-02
6.864767494246556793e-03
-1.534764036075885775e-02
-4.004110877315536499e-02
2.077206173207234857e-02
1.770264498047634250e-02
-1.310179358511366979e-02
-6.472247836191115378e-02
-2.322262440569603653e-02
1.459146416514206512e-03
2.368929238315927929e-02
-3.054157644983154438e-02
4.691654192803511314e-02
-2.490307343998132694e-02
-1.527608305267401378e-03
-6.878418109281908555e-02
-1.239333393744919409e-02
-8.692001197616411323e-02
1.093033277988793989e-02
1.519673842489539101e-02
-2.428167456814116221e-02
9.148516557516056524e-03
2.447862016212788358e-02
2.615590639521436778e-02
7.406757355421234035e-02
8.615317448142223791e-03
-4.029360175250981668e-02
1.282547637642329416e-02
2.026706185845428970e-02
1.036988386659762340e-02
-1.066006182769278429e-02
6.236692298545347575e-03
-6.424058454150888275e-02
3.334876719327757588e-03
-4.089317832495580757e-02
-1.248537188671223694e-03
-1.287414073310916979e-02
-3.396673874064455589e-04
-3.198994434481818722e-02
-1.797240403112195656e-02
2.492474775923954680e-02
-6.365094313012992222e-02
1.467522741984189291e-02
7.303961831523278492e-03
-8.156417191641696096e-02
-3.045636862046393820e-02
2.918207237520827405e-02
-1.982272223697591901e-03
-3.900208539116691454e-03
1.653245903584288010e-02
-2.630414269591704532e-02
1.272874963105328355e-02
2.500256951056038790e-02
1.365518264043977248e-03
-4.399233698202840298e-02
2.946148241907129567e-02
1.140089037005651701e-02
9.269550277388969098e-03
-1.121305506542475197e-02
1.383762287314722894e-02
4.682527142397210906e-03
-1.566816266187831888e-02
2.205315209654912234e-02
-6.571042247387158530e-03
2.495655387877145082e-02
-2.250660018826988740e-02
2.564937907818025387e-02
2.712939933985061836e-02
-2.107348084000089210e-03
-1.526831701868695823e-02
1.955529712840988615e-03
2.649906676896847044e-02
4.191947351081941331e-02
-4.050549116406620097e-04
2.235038719425302620e-02
5.253570161967465423e-03
1.973850234342761772e-02
1.805261994115544763e-02
5.864689392061776460e-03
-8.758322363615102246e-03
3.462594225867234032e-02
1.853630083778134985e-02
3.311225915587411028e-02
-1.477398209134214713e-02
-3.492147881749187166e-02
-7.438182269439153060e-03
4.656920736596276839e-02
-3.164663280766706610e-02
-6.081779404792341838e-03
-9.787272787478130953e-03
3.480747851606759251e-03
1.215322985755778670e-02
7.996600592844824856e-03
-1.978199792949799501e-02
1.247727199230555355e-02
-6.261646894876304187e-03
4.373251317039576758e-03
2.954110818050374732e-02
-2.030796092296212677e-02
-3.051605114451247727e-02
2.849808354240043751e-02
2.511840554232379688e-02
-1.113239892306122462e-03
-2.617566782051981844e-02
1.748165261185155583e-02
6.394559892477816310e-02
-1.488747549685046946e-02
-1.123146174826493426e-02
-4.603548559879714480e-03
1.066915571924691945e-03
1.424362495699816288e-02
7.985096503427919698e-04
3.329194406979298776e-02
-1.750496711749761208e-02
-3.592942781510530259e-02
-1.588049778440549231e-02
2.204961411808979699e-02
1.154719985184386039e-02
-7.073671538020435967e-02
1.722953927511572045e-02
-2.755102982796191549e-02
-1.233977439019650138e-02
-4.864683834472015994e-02
2.510465182076909718e-02
6.531088179738193944e-03
-2.614317182584327548e-02
-1.179248916385991150e-02
-1.552551282953243406e-02
6.957561944256279718e-02
-2.602814094314166715e-02
1.546029705953009745e-02
-2.058899799995474872e-02
1.410121205484429416e-02
1.587312454249899946e-02
-3.386269082208343689e-02
-2.588570105882228786e-02
-9.919562482912126777e-03
3.729975295148171052e-03
1.937202827168682528e-02
-1.292453988447788728e-02
1.807678937839458932e-02
-1.391909171229294487e-02
1.344137824381851955e-02
-9.796564462927247544e-03
2.766569305677771262e-02
4.715080688555427224e-02
1.751565113795454723e-02
-1.526049605945446058e-02
-1.005817854606895143e-02
-7.477448305658577696e-03
-9.460705456088378679e-03
1.575499414884344931e-02
-3.366737124768443695e-03
2.334174621115565895e-02
-9.775222860986240714e-03
-1.061093848268731751e-02
-3.474052242566404852e-02
1.752567851296782039e-02
1.572133241128101724e-02
-1.930137747457582112e-02
1.803945192621040847e-02
3.068229690501332596e-02
-2.544867295846797717e-02
-2.867621439290155005e-02
2.547806237524270767e-03
1.918138497644744297e-02
3.455889598098052518e-02
-1.661506535006685575e-02
-5.295271190697240643e-02
-7.288836058909327863e-03
-7.444911271941273556e-02
2.367564235177906443e-02
5.877388169323923689e-04
-2.110981272253285856e-02
2.621491234548768701e-02
-4.225885052634817396e-02
2.753732722602338437e-02
-2.849306223372611441e-02
3.337537363008102886e-02
1.218781422048074124e-02
-2.240274936580087875e-02
-3.311650556858546091e-02
4.319029074907387161e-02
-4.518358509285913885e-03
4.530075044233111692e-03
-1.623640068359390176e-02
-2.903299840087762013e-02
-2.361137251321221431e-02
6.083938614306842740e-02
1.232865225047244384e-03
-1.363373381979567436e-02
-2.255487684678682964e-02
1.501404596364161979e-02
-5.410762286793906195e-02
3.585150822239459301e-02
1.585582684437237405e-02
-2.758559188693954917e-02
9.392017258077350189e-03
-3.530658777899552819e-02
-3.528489727713793322e-02
-3.163441129354834652e-02
1.433790273682298763e-02
-1.619223855694763847e-02
3.530320271474469279e-02
-1.670322087708037140e-05
1.690290858560860449e-02
-9.371531294951253310e-03
-1.235821688832279205e-02
-2.154114967534214581e-03
-3.408891016058960416e-03
-7.452663180197758620e-03
1.379889759041111851e-02
-4.691058494206109403e-02
7.380067095566041763e-03
-1.900878722013860100e-03
-4.648099363942459483e-02
-1.645791042694796230e-02
-4.201466031635788662e-03
1.927018302974908143e-02
-3.072577298918773361e-02
-2.550878925012612861e-03
2.205344403518914864e-02
-5.285137734347287314e-02
-1.398149485062979112e-02
9.037725240090065809e-03
-8.824370003381916058e-03
-3.214808944545427538e-02
5.643863399794491614e-03
2.326605391874747228e-02
2.929520663133377417e-02
-2.043704364840009252e-02
-2.049204791372453982e-02
1.822224749861006687e-02
1.762920861899510902e-02
2.225409131261863252e-02
3.305046156112129846e-02
-5.761556463749865908e-03
7.975031327744160417e-03
2.856482936809761133e-02
3.096960459658453998e-02
-3.146958963555303301e-02
1.403743052097801598e-02
-1.193527285005305770e-02
-1.173324043126898128e-02
3.524625632210112020e-02
1.636624796334263179e-02
1.995285647136441423e-02
-9.237325469620647281e-03
-8.035044067644542265e-02
1.757695577815948651e-02
-5.485379705277074885e-03
-1.386255282487718066e-02
4.595175091056325628e-03
-6.307984727906616046e-03
-2.829280308898819360e-02
7.905728178420969726e-03
1.678025025705952647e-02
-3.731160235812159155e-03
2.384472988778661706e-03
-1.118872883645933604e-02
-1.140779761248820676e-03
1.534128450527633136e-02
-2.150725250210687098e-02
-5.007956595744647230e-03
3.990894341523394673e-02
-6.696851295068091681e-03
8.559107149608218001e-03
5.598551018940333898e-03
-1.299824166246157410e-02
-5.881179652306856021e-02
-2.851561932484054235e-02
2.629000882592012756e-03
-4.817847950748047753e-02
-3.817198181107347987e-02
-1.718952856224714026e-02
5.625601141738641175e-02
3.479447441419585701e-02
-1.360277102051352452e-02
-1.235284828632681950e-02
-1.046917912885737302e-02
1.664589899755609601e-02
-2.869858718742568371e-02
-9.540926747820449583e-03
-4.351190883686030172e-03
-2.647875699156265056e-03
2.156690044626818209e-02
1.333315939184125110e-02
1.563964716704000640e-02
-3.579257368271742540e-02
1.298748475403449683e-02
2.460794146832841200e-02
1.653099602959329575e-02
-1.802328267220758284e-02
-5.160255031616406418e-02
4.649082801044599617e-02
-2.983122027740222129e-02
2.146418050872513084e-02
-5.086299442153453462e-03
-8.674406322764671717e-03
-1.277484757939416349e-02
-2.598426076566901985e-02
1.430692618250450562e-02
8.829521323147182521e-03
9.832741907572930748e-03
-1.759331671983545287e-02
-2.518592659344054407e-02
1.214401496390559929e-02
-1.303622866573047462e-02
-1.516009706555302913e-02
9.170233609759890006e-04
-4.594735543670457577e-03
5.101174074293800959e-02
-2.136314709265902875e-02
5.558170234683904032e-02
-4.073137230351150939e-02
-1.231089601725758251e-02
-1.278311516198433161e-02
2.622118826614854362e-02
1.057408313574704876e-02
-5.572467009769037360e-02
3.854773724528631068e-02
4.901213196770507624e-03
2.503517672378001435e-02
8.473322165048285948e-03
-1.533939490321525878e-02
8.738872092020242080e-03
3.450335088288414981e-02
2.633508326943114278e-02
2.863488862109073857e-02
-3.495521996737752796e-04
-5.259168739729690178e-02
1.716698293672861211e-03
-3.237526001978378865e-02
2.792014122687631189e-02
-1.918190804805232352e-02
1.387315606841709771e-02
-4.690567180595513891e-03
-7.239212412341548136e-03
1.838347489125062573e-02
-1.967599431189646572e-02
7.933332998153972207e-03
-2.345698757838656293e-02
5.090129366089225782e-02
6.004799279205410428e-03
-2.203629233360899359e-02
-6.299729758300035010e-02
-5.856142931206496406e-03
-7.157961108618229873e-03
3.173630046032563379e-03
-2.329209346737384084e-02
-2.398683664264930626e-02
-1.517583486042295773e-02
1.900823445779575155e-02
1.581619897426912724e-02
-1.392820146217369631e-02
2.023069645565313962e-02
4.990086389007549611e-03
-2.488585518721335085e-02
8.131579454923161532e-03
1.515320639939790257e-02
-1.530393409496762051e-02
-1.143277935975696435e-02
-4.544905293800173551e-02
5.973078787358672773e-03
-1.573182081969720647e-02
2.191694952386268741e-02
3.074605371470265358e-02
1.808162919345446609e-02
1.252801527294374398e-02
-4.758119189403508392e-03
-5.955184378441907844e-02
-8.027692631486780736e-03
-7.421148952264738224e-03
3.491638100342867035e-02
-4.766513963276267779e-03
-3.245040265933047535e-03
1.319048729927868938e-02
1.032360683396665521e-02
-5.352374718611138671e-02
1.204807014853882807e-02
3.489110440807528801e-02
-7.282577173000320814e-03
-1.442797291027961976e-02
-1.429835501287557258e-02
2.109954041660429269e-02
-3.675398931538301911e-02
1.402963149858538899e-02
3.230024127862642092e-02
-1.078747887853661463e-02
1.751394129704857833e-02
-3.133657106543540072e-02
-4.615629633004395861e-03
1.374090052407715701e-02
2.953314944902547812e-02
-2.273256488070498488e-02
-1.026384167453773567e-02
1.150196790445118938e-02
2.835548829675155202e-03
-1.248940134548858633e-02
-3.477785747161530293e-03
2.908462448477793644e-03
9.755858369485045922e-04
2.365802537285069396e-02
4.114970296270474559e-02
-1.990688450315304669e-02
1.883993380292330738e-02
-1.925848495169162067e-02
-3.357664712806508051e-02
3.625411616146266558e-02
1.036224712866403580e-02
-8.955510692456109673e-03
6.246947616082595620e-03
1.591207102240713156e-02
-2.717472785540716446e-02
1.640784775257441569e-02
-4.171196075371157511e-03
-2.781678590962870928e-02
-1.985012296323189832e-02
-1.537583006932362155e-02
-1.036783523337879778e-02
2.579714518317252625e-02
-2.181318600596854340e-02
-8.256031609530234058e-03
-9.968237343727773259e-03
1.279749499863475949e-02
1.349475604943770057e-02
6.080504423458062482e-03
7.023293454120071305e-03
-1.600483705219411801e-02
-3.347097992736105393e-03
-1.135934866476426969e-03
1.186135191515087783e-02
-8.370941452135530203e-04
1.433432848977063412e-02
1.387012410287852965e-02
-2.621184175236359812e-02
2.492914228887633046e-02
1.247447667810856753e-02
-6.662719701411865328e-03
8.137200622700187236e-03
3.989563443207325144e-02
-3.095266932476553601e-03
1.371206815832369877e-02
-4.564850761919123784e-03
-9.886206680608826056e-03
4.749710552376829736e-02
-6.551998236654353949e-03
-5.943641190636584498e-02
-1.258627411224550255e-02
-9.592523819592597284e-03
7.455250508472123852e-03
3.805438544944122342e-03
1.452930527880878959e-02
7.484612756391686994e-03
8.382696089626953673e-03
4.535206752264465957e-03
1.667712136774316539e-02
3.789002055043297346e-02
1.619017216122579927e-02
-2.921430929371283958e-02
6.031293469188806627e-02
