-1.090299788577193604e-02
9.448524019955013148e-03
1.679435482235252380e-02
-2.339316891172029539e-03
-5.116123105118325354e-02
-2.091445322796304726e-02
-1.019130596009223955e-02
1.697900082288125723e-02
9.195370400272667027e-03
-1.914292428281822583e-02
-4.311013878425939277e-02
2.376155652421049758e-02
-1.489470953800387659e-02
1.886726586010671267e-02
-2.506845132047748337e-02
1.276750694704682255e-02
-2.312497001488533765e-02
-8.785338244315861120e-03
1.280187732877078113e-02
-5.601416677520385662e-02
-1.296764325036747767e-02
-2.391620939792709483e-03
-2.368845153083935437e-02
4.237535433064943541e-02
3.706480427716190434e-02
-5.580740605201561788e-02
1.134995667403122799e-02
2.036667126829393160e-02
-1.877920949839460493e-02
-4.558724781756734110e-03
-4.108004714449411260e-03
-3.492571660926793026e-02
1.705183735301891990e-02
-1.487991422540262815e-02
-2.688011135112406205e-02
-5.771855587801122400e-02
-1.299555896074156697e-02
-1.407992460552703884e-03
1.842957165531929759e-02
-1.905250962415221128e-02
3.078051433183282698e-02
1.925422913093444155e-03
-2.605580216168478305e-02
-2.911459890049837920e-02
-3.612929207450190500e-02
2.175690284464025515e-02
-3.718538268310959266e-02
-1.298711994896814895e-02
-1.574364035796158023e-02
3.125177238861725354e-02
-1.311062061462444847e-02
-1.949248170794572882e-02
2.956933108047122075e-02
1.708369582232631412e-02
3.461107266389323867e-02
4.574455981898601503e-02
1.949526848777118071e-04
-5.644680985245442706e-02
1.861096637117168329e-02
4.564692325787891164e-02
3.155365814243547840e-03
-1.678712374696427617e-02
1.105608177122284139e-02
5.329451547199588399e-03
3.940935777951438956e-02
-2.132993221889448177e-02
9.759237273463946399e-03
-6.147591723285654453e-03
-1.585515525385536306e-02
-3.742717224192067260e-03
8.091741694747151686e-03
-1.232473711751163638e-02
-8.068568302494329852e-03
1.045766483394248991e-02
3.423643848604393872e-03
2.522194735757494338e-02
3.847575293139390146e-03
-3.826825034928588859e-02
-5.027679704188976403e-03
-6.512793755973687870e-02
1.891288054734063806e-02
-5.510828367204645417e-02
-2.916807068000493251e-03
2.946800819163503810e-03
-1.054140972551071906e-02
-3.475424905934252490e-02
-8.695137884189546584e-03
-7.045149512980480866e-02
-1.114871116206671460e-02
3.434917332242938895e-03
1.667265534161866888e-02
-1.143664955464785554e-02
-5.338690757272783471e-02
5.409604258684842792e-03
3.754678153803533980e-02
7.012723944766497894e-03
1.912913409272185353e-02
3.124373258275226981e-02
-2.073866736667314206e-02
2.041680362663722895e-02
2.987837831682404327e-02
2.527492694285361080e-03
-1.443709771896061964e-02
0.000000000000000000e+00
-4.109044464551887127e-02
-2.426590758776218937e-02
3.141586907410273688e-02
-2.445323956581419572e-02
-6.660853999375372821e-03
-3.508453666237618118e-02
7.279268006208323982e-03
-9.984587670254570224e-03
1.401349658900428660e-02
2.006895460780671464e-02
9.390842852374566702e-04
2.085896063995528599e-02
-1.104926539915705372e-02
-6.194458057204750567e-02
-1.421475686795570237e-04
-2.764985201551346111e-02
-1.013582194430708017e-02
-3.446058898137831228e-02
1.490831862121755336e-02
-3.586804921652387429e-02
-1.575919380125320735e-02
3.700745524020269961e-02
2.415849683910189019e-02
-1.650252444990309847e-03
-1.698690513948818842e-02
-3.226560312782370682e-02
-1.828680416642035345e-02
-2.730877933556233317e-02
3.422938790076943821e-02
4.110620688095667843e-03
-8.247769744648726642e-04
3.372885213122486792e-02
1.039954378891966118e-02
-2.588684688528773009e-02
-2.097780762360913070e-02
2.214238622208043739e-02
-2.071237700536978504e-02
1.885443987885916314e-02
7.049362388992105877e-03
2.793991821592868227e-02
-2.925207106616138641e-02
-3.961020536907226830e-02
3.650805246758443562e-02
-4.195840601328523767e-02
1.212260286424834792e-02
2.388840354400919089e-02
-6.044804693016408992e-02
4.655192735324158865e-02
-1.528408610515995594e-02
3.662573714589315022e-02
-1.128427951094285002e-02
3.454259159246898976e-03
-6.906740935372548268e-03
-2.997849807839404399e-02
-4.324845751008781977e-03
-2.806215167221185608e-02
3.757102423031415117e-02
2.584936908728603655e-02
-1.169075801637478942e-03
3.663641190010448814e-03
1.269953941855243157e-02
1.196850455109656902e-02
2.363471441554511939e-03
3.057934417459985330e-02
4.858626281888980131e-02
6.240992936763644847e-03
-4.270151226403319511e-02
4.740790392720151125e-02
-3.283612521822517477e-02
-3.396456061314058819e-03
4.238802432260720121e-03
2.742480983900113384e-02
-6.583572351738335715e-05
9.490010079906477380e-03
5.174889045507125029e-02
-3.429927512672787532e-02
1.701638471801656533e-02
3.022063645483457836e-02
-6.138860786693111152e-03
2.250915510178858742e-02
-6.200090365365705687e-03
1.272692042440027455e-02
-1.152154469162373733e-02
-5.616956082424970700e-03
-2.681856779090032936e-02
4.158696471616586676e-02
7.094695611412901032e-03
4.322199005184610560e-02
8.245061953563649626e-03
4.111793442701068557e-02
5.703308529157855716e-02
7.522214020357974318e-02
2.138859333555815506e-02
3.049495792336192820e-02
8.986446910195622362e-03
-3.493934048220124350e-02
1.401386976505220906e-02
-2.430262942635830203e-02
-5.488162314814582811e-05
2.582575957744736445e-02
-5.820878024941113227e-03
-1.993003857618846908e-02
-3.998733799981905868e-02
2.933472627739524066e-02
-1.847043277420141322e-02
-2.263364945141932774e-02
3.314955862761523320e-02
3.020273708392855888e-02
7.227981870785413904e-03
1.579278030159165375e-02
1.299858033743958585e-02
-4.858850938429226662e-02
-1.159367791558909948e-02
3.113175828511504512e-02
5.636986024764680664e-02
9.057508959933608869e-03
1.345169820903000489e-02
4.508561961421598922e-03
-7.730571082693850349e-03
-3.427176550795792316e-03
-3.045448467420965033e-02
-2.999136590638624283e-02
-1.006473010152595382e-01
1.169194657798180818e-02
1.836939560764357798e-02
3.465807571929280240e-02
2.287732218256730704e-02
-1.765125350319457671e-03
-2.903704417381828759e-02
4.260253588749968179e-02
2.080697870337993097e-02
1.308606821686663160e-02
-1.002943796687111831e-02
4.197931546691663351e-02
3.632489809407137699e-02
-2.942386976196598516e-02
-3.650478067785278835e-02
1.245750647913740003e-02
-1.117868221390336085e-02
-2.568778547627744227e-02
-2.716410615997882222e-02
-1.119202145699569294e-02
-2.809477731685233737e-02
2.864006504309776421e-02
-1.950203117261383248e-02
1.375415919318001209e-02
3.791624282729320894e-02
-8.082130649676110001e-02
-1.243129630346232785e-02
6.871194938395511209e-03
1.873871308384499057e-02
1.056893424223123538e-02
3.483837307642118769e-02
-2.341823068857180196e-02
-7.360832507433451299e-02
1.903505803554961934e-03
-3.445149307527544530e-02
-1.867934795014673452e-02
6.813250442466365492e-03
-5.442278036431268812e-02
3.941639295842661039e-02
1.438796469549616375e-02
-1.053592023050842902e-02
3.599636479307263826e-02
7.709979216185365233e-05
1.157619281061420501e-02
-2.073041206903552397e-02
1.603067853410618943e-02
-3.019134706401830834e-02
2.569700735502259553e-02
-2.536854542636023807e-02
3.965833839660370085e-03
1.541465036441785679e-03
4.214732440335353103e-02
-1.711356859347157658e-02
7.472837372217017160e-04
-2.064041881093953840e-02
2.702611518825669829e-02
3.921419028262226880e-02
-7.049729402541208070e-03
7.921765626318456183e-03
-1.719953201542561566e-02
8.055847894482616109e-03
-1.943367226310247983e-02
-2.391820055700323924e-02
4.246230628438846938e-02
-3.668212938573583992e-03
6.536989586524191188e-03
-1.666707949296206137e-02
-3.519240173870023802e-02
2.610755194752429481e-02
-3.646838654272269512e-03
1.488506063858918704e-03
1.228507126321553081e-02
-2.876348893408211052e-02
-5.665577520795024580e-02
2.835079467393119765e-02
1.666372764840459708e-02
-3.247836226743922722e-02
6.607831934440377281e-03
-4.038999462463478685e-04
-1.382677248033582079e-02
2.298222089229384410e-02
-5.430514073725760740e-03
-1.988883364433046905e-02
-2.809066465126392603e-02
-1.978940291021859602e-03
1.909871980448922535e-02
4.413737017246555788e-02
-1.168414416987930207e-02
5.077466495874191632e-03
3.473273191848782332e-02
2.208853622661307442e-02
5.473931804266708723e-02
4.002926015510825664e-03
1.614199667687336859e-02
2.693539824794241588e-03
-9.772421567145334054e-03
-8.547046354233034382e-03
1.756856972282475060e-02
-1.947499113542163970e-02
-2.928349208209207397e-02
-3.524668897725572597e-03
-1.905210241627397494e-02
-6.209799039043110980e-02
-6.586413110056070497e-02
-3.061892922203138245e-02
1.194274924311502714e-02
-7.121111989615114095e-03
8.866628562489752355e-03
-2.722851803461062009e-02
-3.020298826279430721e-02
-5.877785832900765672e-04
-7.167865730499024812e-02
2.224039224509410245e-02
-1.824171558286842229e-02
-8.210265449700573231e-03
-4.348227489163632165e-02
-4.708659099136199705e-03
-4.230105610563809210e-02
2.210269286843935532e-02
2.674234579743128143e-02
-9.807358835536079955e-03
-2.446371991443431829e-03
-3.473813768057006091e-02
1.649782489813744063e-02
-2.744864357997152393e-02
-4.976652850807028808e-03
-3.854090898933668075e-02
-6.926388432282693484e-03
-3.362968768334977793e-02
4.960447205164736362e-02
2.102271943604988591e-02
3.528997319809369648e-02
2.321965586218551619e-02
-5.874424014592248902e-03
2.097523700656396192e-02
-2.603624081783233180e-02
2.790166272802808642e-02
-1.431946642332306355e-02
-8.780403775776289554e-03
-5.387687593455282170e-02
-6.968207732234488888e-03
-1.929468337686201726e-02
1.546717254470853994e-02
-4.136067993646165564e-03
-2.628211877061983892e-03
-3.157240206103431590e-06
2.414916181653133792e-02
-1.208156570804381873e-02
-2.892112733676240055e-02
-2.568767334892472012e-02
-2.030359086292202186e-02
1.940338774576948894e-02
-5.370195466950229701e-02
2.299879229347557771e-02
-5.380695919118114526e-03
-7.943159907384744756e-02
-2.076325434347331758e-02
-1.861927834844354090e-02
3.177669816689659976e-02
-4.056824800796669794e-02
4.672154223284021024e-03
-3.690874563410641296e-02
-2.528510938342425768e-03
-2.021403218735134347e-03
1.995796125070680924e-02
-5.160323396890482799e-03
2.344908624992662546e-02
4.887169715895511510e-03
-4.411560896993471648e-02
7.588076333030225815e-03
-2.342740291071306047e-02
-1.786591139261718003e-02
-6.190947695666389541e-03
-2.888087504650894283e-02
2.424158240817569920e-04
-2.433363131582355274e-02
-2.455547296294584292e-02
2.997259884842469468e-02
-2.684283120541910983e-02
-6.381586097798064294e-02
-4.306809418105145976e-02
1.094479308372982643e-02
-6.609159164980248080e-03
-2.771530312639613330e-02
-1.352922368130619543e-02
-3.936954196055183347e-02
1.414347247922981970e-02
-2.211130833736165997e-03
-1.513896469569041975e-02
-1.500884960493296949e-02
-1.067480257535782448e-02
1.801853796675217251e-02
4.211663212581523430e-02
-3.456972645941327332e-03
4.071198931520544906e-02
-1.058216573378790992e-02
-5.752611229134373810e-02
-3.687560569874444305e-02
5.970799553019179653e-03
9.096416694991837915e-03
8.650532949306625335e-04
3.628751419522255328e-02
7.189087271516314895e-03
-1.156422278405074000e-03
2.508609944158692040e-02
-2.819457414943859347e-02
1.166386947734500239e-02
2.648650796505036542e-02
1.859651494516197101e-02
5.021825303297040854e-04
-9.864218345889500320e-03
-1.455424070505792304e-02
-3.244301756641174844e-02
-2.021412348204329815e-02
-2.581015316687515493e-02
-1.754824235649089445e-02
8.080654880173631510e-03
-4.376304682298881588e-03
-2.694626897961099887e-03
-1.847075367451076269e-02
4.225833960081155916e-02
-1.855414066884941704e-02
2.680491861090238126e-02
-2.443349343945429297e-02
-3.696041840849892401e-02
-5.426713413113957996e-02
-3.214494942937033001e-02
-4.567057503367832894e-03
-1.498814390719414684e-02
-4.763027770689524758e-03
-7.766569111945906614e-03
-1.672672291285326462e-02
-1.253720796102534771e-02
-1.600812447733905575e-02
-1.415992832522150122e-02
-1.856851724901364964e-02
2.617766487531925090e-03
-1.085208442867866517e-02
1.901589194408155256e-02
2.137851629645114160e-02
-1.225580532994486986e-02
1.009276370585638488e-02
-3.109080843466630051e-03
1.659053478875801430e-02
-4.087901804470497197e-02
9.054704906605525253e-03
-1.852910705792066084e-02
1.568246548886557262e-02
1.204312404242860630e-02
-2.442400634428498057e-02
3.174515681250398430e-02
7.759292945141403608e-03
4.233208903121146727e-02
6.641600063561878091e-03
4.607361103473279346e-03
1.407066062279522731e-02
2.183495834238145805e-02
-7.129745679716532891e-03
-5.483779186466165162e-02
1.204417764150823508e-02
3.570533904348610621e-04
2.237901045203543812e-02
-1.136343891835785332e-02
7.090857081883355020e-03
-4.720570875106627241e-03
5.531844393255637427e-03
-8.696562816411712235e-03
1.025380284019882307e-02
1.934055733597473195e-02
1.464417094029305325e-02
1.693618699915241249e-02
4.581600455708592645e-02
1.506590122185349524e-02
-3.766970746419150140e-03
-3.063320283643497163e-02
2.830646286275787654e-02
1.712443677046619197e-03
2.821565747942076513e-02
-1.024507982657927446e-02
5.446531449600320630e-03
-1.828486599564885197e-03
2.396379571387907692e-02
3.995224843565447354e-02
-2.789642648333864883e-02
2.728462200748132602e-02
2.859201830561879099e-02
-1.265555094731812824e-02
-7.185008112520620271e-02
-2.188954490836536246e-02
1.906363673557150140e-02
2.938364552656009231e-03
2.495253727988243006e-02
5.388917447379446002e-02
3.001446410985294383e-02
3.848610990105603979e-02
-3.891361133595380717e-02
3.752242126276261053e-02
-2.359051934173597882e-03
1.960259780908908678e-02
-7.798670280737099100e-03
1.958159972022974551e-02
2.220127631842038970e-02
2.526809074315872206e-02
1.261275414854361870e-03
1.035611667016893972e-02
-4.514454078242308675e-03
-1.081860042015367340e-02
-1.228432454264520579e-02
2.684348465022625904e-03
-6.245906261856350693e-03
-1.075969614449933612e-03
3.535086113356322030e-02
-2.341099054023229598e-03
-2.720392935892669214e-02
-1.461183870082117045e-02
-3.138822838658067438e-02
-7.633613104267689131e-03
5.669643250737535153e-03
-5.096678647702626574e-02
1.238023430897422159e-02
-1.589565034024267853e-02
-1.993885284140361341e-02
2.177781253279797991e-02
8.133645342600047401e-03
-4.990163613265609366e-02
-1.781871775750307196e-02
2.345717075079499156e-02
-3.901743415272188736e-02
-1.372175027521893229e-02
-2.299747546587957436e-02
-3.894750695866396398e-03
-1.091957198315890443e-02
2.861484273954423459e-04
-2.206238811350761872e-03
-1.320588584546362153e-02
-1.595957139518855428e-02
2.637212480672054132e-04
-2.005823312434913686e-02
1.324960167098100574e-03
-8.488699901235529505e-04
-2.800859561512018467e-03
-7.945730319774475803e-03
-3.748321938721582008e-02
-2.484849671024733087e-02
1.848393111354539736e-02
-4.914560751486142520e-03
-3.189486618163570042e-02
1.398668281114922272e-02
-5.046729223815193954e-02
-2.222924101718994072e-02
-5.876932937866690548e-02
-1.388071847672917025e-02
-2.462850488999209636e-02
-1.646236767706548559e-02
-7.312917888664220711e-02
-1.824087684370352680e-02
-1.520397355499340276e-02
-3.896933753389841826e-02
-3.395693586519416690e-02
-3.322555536540105353e-02
3.191854210048595750e-03
1.743582802769032269e-02
1.308202225712807275e-02
-3.539545787326508347e-02
1.218901459070923302e-02
4.359484467721570083e-03
3.271344419343066162e-03
-2.012012603838405148e-02
-1.338983958636576904e-02
2.619326014248448894e-02
-3.143468175683549262e-03
-9.117496039916335102e-03
-3.543422213740009957e-02
0.000000000000000000e+00
-1.660005373104090839e-02
4.394738131597907688e-02
3.747803841897556082e-02
-2.356671305500983304e-02
3.919627408238830074e-03
5.886975851709551864e-03
1.746810088161880950e-02
1.706093362923784967e-02
1.403201335257514906e-02
2.098561786769577442e-02
1.683917092962099876e-03
-5.701804222119023248e-03
-7.558763439839117845e-03
-4.475054480522627776e-03
-2.451169464973244200e-02
-9.773017014276255687e-03
1.420872868347847900e-02
-1.780022979062314409e-02
1.141626477475308349e-02
-5.692327046735888227e-03
6.017076137445866862e-03
-1.111658500377999022e-02
-2.959089400420999300e-02
-9.082573724640720728e-03
-7.711554588778827581e-03
1.108497238733033644e-02
-1.820693414692168416e-02
-6.271479010881436666e-02
1.125344628265942046e-02
-8.763247809477963876e-03
-1.184628164316913011e-03
1.799729785613222305e-02
3.916709470081653627e-02
-2.748068252195038936e-03
-5.184570423832276023e-03
2.911584621508377796e-02
-5.843363792445201328e-03
-1.704495959216424661e-02
3.265850980264346955e-03
-1.713355689834025752e-02
2.534011648611543890e-03
-1.846243644652802163e-02
-7.697867662256728354e-03
-2.068342293351775954e-02
-1.647218383747963907e-02
3.164366365327836439e-02
2.201582838851670956e-03
2.871302957037609460e-02
-3.096134271746543015e-02
2.886366039314105722e-02
-3.307299843167182951e-02
2.596579591554088601e-02
-1.117105797557574678e-02
3.417926622445604384e-02
2.424213455522519073e-02
-3.413631468110760181e-02
7.803440197474960024e-03
5.312617180704404946e-03
1.075565707853326503e-02
-3.415654897654989142e-03
5.451605568301341742e-03
-3.179603043569319970e-02
2.250882925832003306e-02
-1.165745987471720341e-02
-2.138810062909123760e-03
-2.414767050944504473e-02
-9.962735188663463665e-04
1.260358424519184180e-03
-4.409423928774317859e-03
3.136679823605287992e-02
-5.251447491200401767e-03
-2.435769880982227575e-02
1.388309350151035321e-02
2.471080774176580286e-02
-4.372015006150581709e-03
3.863739425580344639e-02
-7.566837507635159471e-03
-6.720279714679693039e-03
3.211377945122575323e-02
1.376361531989997271e-02
-1.548341637455647769e-02
-1.489707856023079514e-02
-3.770054960687546641e-02
4.110489866727753266e-02
3.807637661475813534e-02
-1.510267132690378683e-02
-1.277760015130341778e-02
-2.535721809120547801e-02
1.322360369062277122e-02
-1.555259850283128437e-02
2.637766911292319452e-02
5.052236019896889224e-02
-2.349939005743125614e-02
-8.897347365049806250e-03
-3.772541976368905259e-02
1.226816768778963163e-03
4.152741476044627400e-02
6.231699386426148290e-04
2.620553651125091463e-02
-1.273981779127916249e-02
1.268157181303801451e-02
-2.998010611098845743e-03
1.506029370233769732e-02
-1.248542290029757904e-02
-5.183092868707002421e-03
-5.514860675308271010e-03
-2.033559276058140991e-02
1.917437347962907407e-02
3.367820100312236137e-02
-5.196513888411609730e-03
0.000000000000000000e+00
-7.802027373853888392e-03
-2.701738339332248467e-03
-5.485773892788448416e-03
-1.566118387763811709e-02
-4.524332263476381344e-02
2.551609018285261148e-03
4.369616363880307608e-03
-3.223513066589910742e-02
-3.285902713289889920e-02
-5.279676017634624824e-02
-2.848820315161578604e-02
1.446225609054570087e-02
-3.980823759214741075e-03
-7.165656703014603411e-03
-1.070795310713849868e-03
4.122178026727969791e-02
-9.911472274371044278e-03
4.224959088118799937e-03
-1.947437221918946193e-02
-1.566254786877462057e-02
4.006604036798638163e-02
3.858672290222400422e-03
-2.153327153476409725e-02
7.531662332862320772e-03
5.857495453890605719e-02
-1.200023143294363763e-02
-5.396383217622664763e-02
8.386224537274966986e-03
-1.564410893490239193e-02
-3.544330708762684357e-02
-1.646393614955728862e-02
-1.159361782114466666e-02
-4.543271295620723849e-03
3.977581646108041200e-03
2.977477803237282492e-02
1.178515321227390118e-02
4.006770773597340823e-02
-1.882477566068036651e-03
-5.300076834966743235e-03
7.567723033185536075e-04
-9.187765543327727075e-03
3.736248750798804724e-02
1.932812183279994031e-02
2.456026581263127950e-02
2.157513383387295314e-02
-3.693033611393352258e-03
-2.080817011722516791e-02
-2.532256927759530402e-02
1.060616953058688555e-02
-1.654596894319751085e-02
4.936587084504887035e-02
-2.400142298363320409e-02
-6.852671454723735511e-03
-1.006083540562179718e-02
-2.151574516020663894e-02
-3.670901066272873325e-02
8.476303348131927068e-03
2.209385131168983482e-02
1.608805269303528740e-03
-2.566015182082934110e-02
7.279936013611508494e-03
-1.193722586563232199e-02
-2.888130399360241268e-02
-3.673275427270371318e-02
2.423462058303487571e-02
-2.163344026480098700e-02
2.606331910650989611e-02
-1.049028893937434259e-02
6.338958871564149417e-03
2.439551236504747256e-02
-7.183091090153326599e-03
-2.432860405531605749e-02
0.000000000000000000e+00
-3.981983507166245856e-02
-1.707164763534973258e-03
3.532059408388389665e-02
-1.454897015397563047e-02
-3.363354857398296281e-03
-2.132554610195019559e-02
-1.440614851776008364e-02
2.021067581574335220e-02
2.969702013303775548e-02
-9.802213654539962753e-03
-3.899002831892861565e-02
-1.303544916719543562e-02
-5.550863499133012330e-03
-4.260936216830332746e-02
1.849063612226053022e-03
-2.798010730353821252e-02
-1.955762179506367882e-02
1.229968501238675772e-02
-1.928434600328500850e-02
-6.080473606794757103e-03
4.432505157656635789e-03
-2.451883119347892173e-02
-6.054872844667227860e-04
-2.296440473761665602e-03
-2.881616822107454633e-03
-2.373258483231033972e-02
2.415845499940308394e-02
1.627908775675530190e-02
1.251660263410412158e-02
6.864078440206678421e-03
1.498274229853467643e-02
-1.622838504284556532e-02
-2.843357968488516296e-03
-1.793572615317224478e-02
-4.993022510232192346e-02
-1.743561780502930758e-02
-1.096782864359145335e-02
-1.544420750973724693e-02
3.235368837347041282e-03
-1.420701745832785717e-02
-2.011162398889095732e-03
-1.645771857728427212e-03
-3.810911745396960981e-02
-9.876428465008118412e-03
-2.422303468732771650e-02
0.000000000000000000e+00
3.900200787898375383e-03
-3.837283614260230541e-02
-2.509792418091112351e-02
-1.051524953866801726e-02
4.217179099563447484e-03
-2.988731990498589425e-02
-1.964680042685832892e-02
-1.869718668630114197e-02
-1.806947058535591372e-02
3.715915735323763874e-03
-8.580074907071206375e-03
-2.202234850861618104e-02
-1.609688949774157329e-02
5.193287008963570761e-02
-1.329259010076278523e-02
-6.551481318801812698e-03
-1.474074253417055266e-02
-1.773805490376773042e-02
-3.509331571767580066e-02
1.730369400121468774e-03
6.036475405522623641e-04
-1.083846604228451069e-02
-2.167584801983928056e-02
-8.132341195874380479e-03
2.661368756259291368e-02
1.660264159462717173e-02
0.000000000000000000e+00
-1.664037200062187111e-02
-1.406742081327755529e-02
-1.645382191030828056e-02
-2.587561659431724878e-03
-1.762254429276039272e-02
5.966456915687713344e-03
-1.448987108671491962e-02
1.954864434151947286e-02
-7.385829271110318228e-03
2.395882947577895883e-02
2.176223821706039022e-02
-5.915449612989530370e-04
1.926226120854191738e-03
-1.307059187506542930e-02
5.801196862326036749e-03
3.386334195962503735e-02
-8.375054428851343158e-03
-1.065492205299160486e-02
-1.333869980162008181e-02
-7.790861672886178688e-04
-2.552764869400165476e-02
-4.576058103441103808e-03
-4.994976233263748872e-02
3.493268660790703473e-02
9.821183124709351175e-03
5.224658465864761778e-03
1.284370420063551087e-02
-1.637985121908089661e-02
5.459836239641118610e-03
-3.626935205154147024e-02
-1.488049484124868461e-02
-1.958718481551678312e-02
-6.598699895332887921e-02
1.198288634505361404e-02
-4.719626839345077846e-02
-1.978498360195722269e-02
-5.114574010800707060e-02
-1.983841600819008164e-02
-1.226710772787163034e-03
-9.449306315350977301e-03
2.467773523975222427e-02
6.092543769069069456e-03
-3.924744271957865058e-03
-5.141183431222152989e-02
-2.215077166557731861e-02
-1.000706204130194336e-02
-3.688365269006457781e-02
1.382458535390090199e-02
-2.282383505529483880e-02
1.364521064321231117e-03
-1.097210583319562296e-02
1.635021670076258760e-04
-1.163527713168528537e-02
-1.547888583216451563e-02
-2.265298163112450247e-02
0.000000000000000000e+00
-2.554915676563408386e-02
-2.270169295363730355e-02
-3.217458463792377543e-02
-3.297197406319468931e-03
-1.231043823107621192e-02
8.958147613511050628e-03
-7.663674557677836729e-03
-1.454756506376913422e-02
2.154665798184578901e-02
9.126394660590614674e-03
-1.515932796810231034e-02
-3.639305744676459183e-03
-1.028346638806055223e-02
1.418100602034929117e-03
-1.684708576677380540e-02
-2.755939023160670562e-02
-2.915463257241140971e-02
-2.820434138387326040e-02
2.088757214207139293e-02
-4.210606286849903623e-04
4.964655260947423501e-03
-2.200525376593241364e-02
1.328401084464040510e-02
-2.612059123127813409e-03
9.940131693904744048e-03
-9.700504082119542487e-03
-8.546462452794230391e-03
4.018450243125301635e-02
-2.476872175520907632e-02
-3.287671213184618219e-02
3.079281931573600931e-03
2.916964211843197860e-02
-1.031165355879784529e-02
-3.555041224219829439e-03
-1.768995981296266409e-02
-1.126590239390064946e-02
2.511407487951813899e-02
-2.185847489908483710e-02
2.086303779974506972e-02
3.205388166765887198e-02
4.886951875551284741e-03
7.384994464671265635e-03
-2.987587043064484499e-02
0.000000000000000000e+00
1.021982143982474653e-02
7.329311981354773298e-03
4.984509963088852406e-03
-4.080616541889542370e-03
-2.077514576852813877e-02
3.342205395315477404e-03
-3.108921251145579240e-02
6.954139916973904600e-03
-7.501750061979820319e-03
-2.671519817670184663e-02
-1.084633760333477033e-02
-7.183305918263724679e-03
-1.476374519217214451e-02
1.531154053468973195e-02
8.980883266704035861e-03
1.376066154193961860e-04
1.632486140320793186e-02
-1.272174658132660396e-03
-1.692418636959892170e-02
-2.093492969640229143e-02
-1.203232465936151380e-02
2.796959307705742387e-02
-3.180287148224348465e-02
-6.997988461139213745e-03
2.485530184253561398e-02
-2.057741425770419352e-02
5.890607843749331649e-03
2.473612715269293827e-02
-4.562713414057222028e-02
-1.666224853995687191e-02
-4.656639797600987951e-02
-2.646182130386933937e-02
4.482360425293555745e-02
-1.415824763370982821e-02
1.315326920350011475e-02
-4.546290822302731689e-03
-1.988865032858047610e-02
6.474652536010245749e-03
-1.749618399181236336e-02
-1.534680415771208332e-02
-3.718256435844512903e-02
-1.487955472382713161e-02
6.794532621467275907e-03
-9.350015692414366877e-03
-2.889237509826658723e-02
-3.603071803136366491e-02
2.029822411000548402e-03
5.759469289653869166e-03
1.472572669694789324e-02
-2.231079566091772378e-04
-6.796031598451773501e-03
3.732849626045145475e-02
7.497046130547461995e-04
-2.499910436181387863e-02
-2.514693010527144224e-02
-1.784208384596446678e-02
-2.325350691277440832e-02
-8.497856456668661032e-03
-2.018657102340129517e-02
-1.754104132716054198e-02
-1.137994162573939538e-02
2.805075997878216792e-02
9.965679905327338994e-03
-9.655511365671276547e-04
-1.739609004332380582e-02
3.316707578956494193e-03
1.099933806870833156e-02
-2.143665684052135922e-02
-1.133615039489035102e-02
-2.318536368380771234e-02
-2.740547913501397218e-02
-1.992519283125783122e-02
-1.930233426175527456e-02
-7.883741306204486779e-03
-1.473904525051151701e-02
-2.055775097158914211e-02
-2.314030972747790210e-02
1.080233749332472001e-02
3.662929738434956943e-03
-2.801623110326054503e-02
-2.523875988962916150e-02
2.188818316312216017e-02
1.488990123117971999e-02
-2.586982118639859218e-02
-1.026713366416258030e-02
1.234139070336829833e-02
3.499133376456421349e-03
8.766299542698790387e-03
-1.657650181656927790e-02
-1.464975073087050259e-02
9.050784195903886081e-03
-3.005929536268332758e-03
-5.107312877185993250e-04
7.770603599490423508e-04
-3.184774694261534311e-02
-4.592748064346924286e-03
-4.107737108832301698e-02
-1.903437459639429480e-02
-2.235676377023590108e-02
-3.053470000010648916e-02
4.108905844726791490e-03
-1.172212453154330633e-02
-3.023310410938352677e-02
2.407798934829456783e-02
7.154874621467154083e-03
-3.657916109103963309e-02
8.570473352177376131e-03
-1.543392467032373566e-02
4.362862628259662513e-03
-1.774251154439973957e-02
-3.031678256167509838e-03
-4.955523578233078652e-02
3.597450590710239704e-04
-6.822420369368251310e-04
-4.644491268344377692e-03
2.110606914012412572e-02
4.104032562624891634e-02
-9.707312458657434140e-04
-3.507613027249844445e-02
6.339959562029855427e-04
1.604376931286836255e-02
-4.948396885208285884e-03
1.703305475790236863e-03
-1.013212738855566453e-03
-2.236324247360156614e-02
-3.935939710916268319e-02
2.072658488872147417e-02
1.997547458274382542e-03
-1.627734960915470236e-02
-2.091753016664314041e-02
3.557583115713747191e-03
-3.173166133374895337e-02
-2.518035840784922652e-03
-1.534804770379780137e-02
-2.199800502553827738e-02
1.337256842855241365e-02
9.490864040037280680e-04
-3.666309364852378405e-02
-8.669866974690798589e-03
-8.108202773909962274e-03
1.922648822406102659e-02
-7.308632933702589873e-03
-2.313445272925140732e-03
3.720964704337895168e-02
-9.461030213127472749e-03
1.825000276953124556e-02
-7.384434328968380798e-03
-3.477424472478801709e-02
-2.830357187262360838e-02
7.075886655305009022e-03
-5.769972079239821250e-03
-1.323784307820078526e-02
-1.979505909841833972e-02
4.013986426094079060e-03
-3.031140852292516993e-02
4.917466805978227412e-03
-1.013219676078698853e-02
1.980788418790003710e-02
-1.249268091376599422e-03
-9.630837252273502166e-03
-2.096697905371260398e-02
-7.175192862368376737e-03
-2.552982723124798750e-02
1.442885421162314052e-02
3.463061446858255177e-02
1.907541786069921405e-03
-7.264695020611777743e-05
3.597189077971120648e-03
1.303010245642446246e-02
-1.775978249601799577e-02
3.579294621393702344e-03
2.508506010223168770e-02
6.842574647937113390e-03
4.234737569256755152e-02
-1.362731419908846421e-02
8.499466725005341144e-03
-5.712963774702636832e-02
-9.634388106885657249e-03
5.903065580705987511e-03
3.558710163373602492e-02
-1.842486544529484821e-02
3.082976006473860803e-03
-2.088499982376178926e-02
2.026393685521114298e-03
-2.278621226232798239e-02
-5.211096054018508547e-03
-6.637425438834933418e-03
-5.580838565733890581e-03
-1.832011998122539884e-02
-2.006637305085566536e-02
-7.930756053199136679e-03
1.597635021222414825e-02
-1.307305579109661192e-03
-4.406730664317520113e-02
-3.867534161318592328e-03
2.291166650503205504e-02
-1.969971887210899067e-02
-1.383134259017466602e-02
-1.014591520103832328e-02
1.355958807597226062e-04
1.058337090900082419e-02
5.702724499087256926e-03
4.383175716348079384e-03
3.310024666908953361e-03
-5.032146056744232765e-02
-3.598372896705488710e-02
-2.021802686849603903e-02
-3.004652813215192772e-02
1.594442376870957440e-02
1.482839714928501154e-02
-9.239539173724746132e-03
4.771580275005484623e-03
2.462046169857724093e-02
3.068743279015200345e-03
2.994963410693399219e-02
-7.721293717032798321e-03
-5.943195762677368384e-03
2.973278426871356350e-02
-3.951476308130650976e-03
-1.968684977751632842e-02
-1.551379213987838686e-02
-5.155962636196990967e-03
-2.218636566786639369e-02
-2.363124069997979415e-02
-2.319719963723120004e-02
-3.265144331230249858e-02
-1.446175239209213439e-02
-2.773270148478489822e-02
0.000000000000000000e+00
-6.684393622242517340e-03
-5.586722442014310785e-02
8.188499716010802856e-03
-5.449497775677580522e-03
5.624678926445631291e-03
2.624953836862334300e-02
8.626932522739997472e-04
1.648121172095412187e-02
-9.509082464225351167e-03
-7.241838646845585349e-03
-1.258470282504103865e-02
-1.783478841601941582e-03
4.132511338313132887e-03
-6.654405352673821959e-03
1.371343701262411896e-02
-7.434413817412893408e-03
3.021542577996937443e-02
5.996948481116344890e-03
-1.240677726667270206e-02
5.842548443788942586e-04
-2.332723518371820556e-02
2.536138439855291360e-02
8.458829367093047974e-05
-1.371421841972503275e-02
-2.007410676960297985e-02
3.659946904887110414e-03
-3.550034058187775260e-02
-2.748555600260714493e-02
-1.409433959967057795e-02
-5.843290040665586466e-03
8.688266588544150959e-03
-3.637515112257333483e-02
1.870036745179200557e-02
9.219480743510245074e-03
1.042219467336672964e-02
-7.532167963974481170e-05
4.772574537629974308e-03
-2.726022138600512831e-02
1.153937429695310211e-03
-4.206775044008029263e-03
-1.394573598249088456e-02
-3.656830756729786969e-02
3.355933481965604759e-04
-2.572942874466272942e-02
-2.262742786970461939e-02
-1.497840957637230561e-02
1.084768560067879070e-02
4.866081267700533147e-03
4.518131371759882310e-03
0.000000000000000000e+00
-7.625689799374206317e-03
-8.732105033476537936e-03
-2.981797642933944198e-02
-3.005348241887379618e-03
-9.698166920266310456e-03
-1.985977311456520525e-02
-1.240598797111380465e-03
-1.571385902559610179e-03
-1.109919881792683673e-02
-2.166052854309429010e-02
-2.655365536514158603e-02
-1.294174364686058974e-02
-8.138137030633939978e-04
-1.666402493582743588e-02
1.922085411728368005e-03
-1.331024938445689657e-02
-1.900662974428489124e-02
-2.788316631232982262e-02
-5.601531882165212278e-04
0.000000000000000000e+00
-1.724797731552548535e-02
-2.356526679062881727e-02
-5.583971675797532591e-03
-2.244407162533163663e-02
-3.331277970161839429e-03
-1.100091212579111175e-02
-2.031296855635906021e-02
-5.641778569777871439e-04
3.452531556503923155e-02
-1.826763430457721549e-02
-1.358692495827612187e-02
4.318043117308445478e-02
-3.937170146699771507e-03
-1.739326385453002916e-02
-2.004192799484589074e-02
-1.906076087696584320e-02
-5.697658318254236742e-03
-3.505274920003806360e-02
-2.654850146078098234e-03
4.579825525691215427e-04
1.838902630737392768e-02
8.445161609548723636e-03
3.959443932462705781e-04
1.671072204744517009e-02
1.252141215814687666e-02
1.133707581374996699e-02
1.954291456771409252e-04
1.725982793258968445e-02
1.833990014707669730e-03
-1.758748836833303256e-03
-3.795397286476307613e-02
7.289706840369116272e-03
-2.249435487304044315e-02
-1.979163965254214508e-02
-1.716104581521418759e-02
-3.085457150617853042e-02
0.000000000000000000e+00
-9.603871287513512933e-03
-2.315306983969298016e-02
-2.892319669716219514e-04
6.483554374291732036e-03
1.492552863452464504e-02
-5.819899355205240127e-03
-1.776166142930549890e-02
6.262378030867555775e-03
-2.070913517561358969e-06
-1.739015108151958228e-02
-1.051903409014383339e-02
-5.061296627775433918e-03
1.793653652007217835e-03
-8.221720487937091842e-03
-1.189530763486644493e-02
-1.131197971068262885e-02
0.000000000000000000e+00
-1.647810869654211044e-02
-1.245954790895778541e-02
-1.131068629426821431e-02
-1.006810245151070794e-02
-7.970975276164731643e-03
-8.861866341756270346e-03
-2.131776899126646124e-03
-1.753207081178041402e-02
-7.671265520921746739e-03
-6.417577832539312493e-03
-6.050921368333847701e-03
-2.653658586936781874e-02
0.000000000000000000e+00
7.427670358091501696e-03
0.000000000000000000e+00
1.315468870757412114e-03
-3.452188777536725761e-02
9.019537540176335300e-03
-5.735422142958603725e-03
-4.117470858642015806e-03
0.000000000000000000e+00
-5.923042960386836787e-03
-6.204790299904736420e-03
-6.128461297621629576e-03
-1.656524801790827672e-03
-3.830399467307764316e-02
-9.814836967617167340e-03
-1.335961941454059942e-02
-5.742388650718807143e-03
0.000000000000000000e+00
0.000000000000000000e+00
-6.297790048599772803e-03
-5.697984934283802788e-03
-8.675709126291113182e-03
-5.973325349818198529e-03
-5.337224133562822916e-04
-7.863982182510040331e-03
0.000000000000000000e+00
-5.823630772055663103e-03
-6.901363409233232139e-03
3.593641804707401258e-03
-6.346520211631895628e-03
-2.534299305137962047e-03
0.000000000000000000e+00
-8.485070598895482624e-05
1.497666039153786044e-03
-2.226527398580879780e-02
5.572838345548418969e-04
0.000000000000000000e+00
-1.157182884101556897e-02
-7.688914175034806779e-03
-4.756832300737161637e-03
0.000000000000000000e+00
-5.919790535513192245e-03
-4.426208809547606954e-02
0.000000000000000000e+00
3.085563126662626068e-03
2.321346095941820981e-02
3.100432283430993273e-03
1.367835702198717113e-03
-6.941668477119626590e-03
3.631683607345239338e-03
0.000000000000000000e+00
-7.135835213061597106e-03
1.197166608210586784e-02
-3.027020657978524848e-02
-5.243884011909461136e-04
3.629093872939572960e-03
-1.228327485077018028e-03
-1.714632746646331876e-02
-9.778072540768916257e-03
-3.211823674400805968e-03
-1.616801464034711006e-02
-4.709484861070178593e-03
6.860189663546269190e-03
-3.274955597357452966e-03
6.083940030771980804e-03
-9.997130132208958964e-04
-8.154861407995478775e-03
8.131611498711707742e-04
-5.149193208694912739e-03
-1.574328238979214381e-02
-3.743245195516484158e-02
7.453312864862749257e-04
3.952209115220269020e-03
4.716151526413154410e-03
-1.062648110861792207e-02
4.764640933782121612e-02
-8.961817599830831232e-03
3.100312722658116540e-03
-6.787495410203944757e-04
7.088826238868711598e-03
-9.998629845583556497e-04
-1.608812221404803261e-02
-5.719905958082601057e-03
-1.674025488370204512e-03
-2.417433282330664138e-02
-2.468277964988609824e-02
8.280345429092776655e-03
-2.000227718734086391e-02
-3.613680245224987903e-02
-2.630881580861006014e-02
1.241930168425261008e-02
0.000000000000000000e+00
-1.980783267502248327e-02
-3.348427710730519230e-02
0.000000000000000000e+00
-6.357685859214403691e-03
-1.257228352046983570e-02
-2.245079922316618390e-02
1.931733154137223532e-02
-1.585841807365336378e-02
-7.642547653594187855e-03
-1.537517166716016390e-02
-7.852813801096504391e-04
-2.627262969383203223e-02
-1.727453482461456177e-02
1.187654658077205369e-02
-1.482803218219654788e-03
-5.339909508648826506e-03
1.223220163883330727e-02
-6.128358836842560942e-03
-6.184842287733909906e-03
-8.628987898142471274e-03
-1.268341906233802670e-02
-2.294131236496064694e-02
-2.485694437229405557e-02
-2.658239196689322209e-02
-1.367713089244034126e-02
-2.044848112195202239e-02
-2.276785055581029282e-02
6.414514148028556059e-03
-3.463638100974104732e-03
-2.745884491406724512e-02
6.534831887565447847e-03
9.944748569034791291e-03
-7.522393730650341927e-03
0.000000000000000000e+00
4.344837723798024992e-02
2.822527787459434487e-02
-8.599108044380892463e-03
0.000000000000000000e+00
0.000000000000000000e+00
-1.789901119925686387e-02
-8.316048973804095884e-03
-8.223379953827582300e-03
-7.375579023895972169e-03
7.247681947239343128e-03
1.084537193980711876e-02
0.000000000000000000e+00
-1.567436920162790237e-02
1.705601324873498234e-02
-7.409899096391467030e-03
-6.365744847654111402e-03
-2.030001001202529076e-02
-7.991508785858893182e-03
2.102227303188314994e-02
1.271973784479978747e-02
-9.867144842793128257e-03
-1.290700889541576690e-02
-5.407284089517426506e-03
-2.287955636052605574e-02
-4.187139806175893281e-04
-9.464780485254661868e-03
-1.616038220160450831e-02
-1.104644107525889346e-02
-7.433360209856748266e-03
-2.399545941023001339e-02
-2.245415307243289749e-02
-1.134564002564792014e-02
-9.764139199802046240e-03
4.425088823704909601e-03
-2.106652684891707761e-02
-3.059509414006385784e-03
-1.685733812488706979e-03
-4.561351710694409173e-02
-3.754086054834532282e-02
3.487600911106104179e-03
-1.701839301021446788e-02
-9.463521779285504962e-03
2.757709688739244311e-02
8.576077788190595783e-03
0.000000000000000000e+00
-4.155335252167532967e-02
-1.628970091772169795e-02
-3.402743258653719710e-02
0.000000000000000000e+00
8.018788708158660836e-03
-2.496945425983554401e-03
0.000000000000000000e+00
4.799465945591527109e-03
-2.248351764883915749e-02
3.044671287440464755e-03
2.233039618845997481e-03
3.853691653118814908e-03
-3.425518337953925053e-03
-1.453072899919338745e-02
-1.276785591003183444e-02
-9.086253975495867108e-04
-3.773936744763845951e-03
-2.112135337190221285e-02
5.011836853222395929e-03
-1.924168927770356780e-02
-2.363892254009462845e-02
0.000000000000000000e+00
7.018773465960752474e-03
-2.366412449601562953e-02
-1.935249626186952981e-05
2.697731908332557261e-03
-3.159985052201419974e-03
-6.543926053638766428e-03
-1.601375132929147918e-02
-4.304695595518234774e-02
1.799206611665855882e-02
0.000000000000000000e+00
4.969428683020654484e-03
-3.077738337761835516e-02
-1.385265888312257193e-02
-3.482391151276588090e-03
-3.029262156373052628e-02
-1.815521712916871866e-04
-1.228236161670098747e-02
0.000000000000000000e+00
-1.272145960365144227e-02
3.563398058227670254e-03
6.473323815301252303e-03
4.949376809412916155e-03
-7.183620460580422695e-03
-3.900721850535433799e-02
-2.327038854729487904e-02
5.852059494264420791e-03
-3.406144558416645401e-02
-1.051136477096194927e-02
3.274631528847126750e-03
-1.206955744909948662e-02
0.000000000000000000e+00
1.228637346874453425e-02
-4.774779752776583952e-03
-2.056953094859369224e-02
-9.142989348406232271e-04
0.000000000000000000e+00
-1.376221545160024283e-02
-5.757906993642663944e-03
9.576046443460133149e-04
-1.450005246533467469e-02
-1.006817161977502373e-02
-4.898146550187793685e-03
2.817164729653715352e-02
0.000000000000000000e+00
-1.418982442111212279e-03
0.000000000000000000e+00
-4.759166152651126552e-03
0.000000000000000000e+00
0.000000000000000000e+00
0.000000000000000000e+00
-4.707772502882578286e-03
-4.900047417060678784e-03
0.000000000000000000e+00
-4.672280323082923272e-03
-5.238446420813243527e-03
-4.660730813815417047e-03
0.000000000000000000e+00
-4.851173242480106597e-03
-4.775561934060131540e-03
0.000000000000000000e+00
-4.631111273665981624e-03
0.000000000000000000e+00
-3.322091803082164244e-03
-4.999016410986859352e-03
-4.673342498251898541e-03
0.000000000000000000e+00
-4.676146512145823962e-03
-4.901202616709998509e-03
0.000000000000000000e+00
-4.703356569386984293e-03
0.000000000000000000e+00
-5.194911595365750596e-03
0.000000000000000000e+00
1.801328828575025909e-03
-6.519197035069059648e-03
-5.870205532260421369e-03
8.321648437478774626e-03
0.000000000000000000e+00
2.888045637158784176e-03
-1.597532534538722085e-02
0.000000000000000000e+00
-3.087935622492159193e-02
-1.855309102083460907e-02
0.000000000000000000e+00
1.124906616727554265e-02
-5.088762519630852382e-03
-8.385690362926082747e-03
0.000000000000000000e+00
1.704029931608429943e-02
-1.565121758466713267e-02
-8.965344903965288131e-03
2.604389630255226490e-02
-1.226528469724960310e-02
-2.543358838676538364e-02
0.000000000000000000e+00
-7.746176704655818521e-03
5.716386111375502087e-03
2.425374584137506267e-03
-2.764356254053198115e-03
4.040325754081945317e-03
1.929899616974177154e-02
-4.901904741678659791e-03
0.000000000000000000e+00
-2.409224979613255532e-02
-5.369150549027999764e-04
-2.081463314880333329e-02
-8.950587510216436241e-03
5.986420214289567103e-03
-2.191448561143469198e-02
0.000000000000000000e+00
-1.739685690392120052e-02
-9.845259166546410645e-03
-1.838662631940129674e-02
1.979357379104211209e-02
0.000000000000000000e+00
7.036269435706773989e-03
0.000000000000000000e+00
-7.858771321981726510e-03
-2.325515464514169364e-02
-5.692256986200117802e-03
0.000000000000000000e+00
0.000000000000000000e+00
-7.804350935653316806e-03
2.963181492159366187e-02
-7.200470030169774278e-03
0.000000000000000000e+00
0.000000000000000000e+00
3.531543384956854076e-02
-2.415092817895857918e-02
0.000000000000000000e+00
-8.098911670900630494e-03
-6.807257764865774601e-03
-2.169447585647504839e-02
0.000000000000000000e+00
0.000000000000000000e+00
6.209476428984633638e-03
-2.974438947905095817e-02
4.402508577280988926e-03
-1.153988957246019839e-02
-2.845507927459535805e-02
3.371816887002605095e-02
0.000000000000000000e+00
1.076795127504717037e-03
0.000000000000000000e+00
-1.061253590560475198e-02
-4.161439220264477601e-02
7.228432253184943410e-03
0.000000000000000000e+00
0.000000000000000000e+00
-2.195817065347013472e-02
-2.222692672126751201e-02
-6.008633652141161588e-03
-6.192422490994740902e-03
-2.344100388180343428e-02
0.000000000000000000e+00
0.000000000000000000e+00
-2.431067462651198205e-02
-6.714040998220634736e-03
8.252503914150915998e-03
0.000000000000000000e+00
0.000000000000000000e+00
-4.626702826252272228e-03
0.000000000000000000e+00
-2.083131707662820489e-03
0.000000000000000000e+00
-4.369280669394117952e-03
0.000000000000000000e+00
